113
813
62
801
818
134
151
74
366
123
327
366
348
33
170
52
2500
68
280
2180
353
1472
435
53
123
153
38
146
114
167
448
52
135
120
590
36
2500
222
130
102
50
121
78
844
36
126
38
139
90
117
1196
176
592
137
1952
133
338
63
2500
103
56
1436
185
1431
26
121
820
292
621
198
1500
72
303
141
66
2500
75
372
630
42
80
552
10
2500
581
2500
167
60
181
27
194
95
25
418
84
167
154
43
156
37
151
629
145
286
177
74
184
96
379
456
62
110
292
82
105
94
428
22
156
337
129
189
660
830
103
203
103
67
84
42
71
605
59
276
550
763
213
1598
40
454
94
591
112
893
37
29
154
84
88
61
49
2500
543
116
128
356
38
1454
2500
91
90
85
255
133
1223
202
91
497
96
130
181
65
1860
17
170
216
398
21
43
843
100
90
153
141
76
257
72
283
289
83
59
109
2500
114
108
524
25
494
157
317
539
40
822
2500
956
277
95
221
625
857
89
64
96
27
34
321
42
254
715
30
53
44
1019
2500
110
286
317
144
79
16
218
153
144
18
163
124
331
1556
1044
532
863
61
2500
33
135
16
225
93
44
2174
187
18
113
145
16
30
282
262
108
159
1104
41
766
29
2500
134
2322
36
43
537
176
77
350
202
2500
2500
5
1944
79
150
69
2482
22
70
160
156
43
296
1468
90
249
158
566
1025
29
962
250
114
714
237
64
82
1926
191
232
32
980
69
1990
2500
63
154
107
142
92
84
509
360
29
339
2500
2500
62
20
221
49
79
183
6
101
357
225
26
25
58
68
134
150
144
57
2500
1026
33
65
28
11
6
55
384
651
161
484
112
54
88
124
237
51
56
1906
291
6
413
316
2500
108
74
111
35
472
95
365
269
686
690
72
40
65
31
326
96
149
109
465
315
78
167
116
2500
84
140
160
76
42
100
99
540
213
9
84
480
158
267
84
290
481
240
88
263
256
65
104
41
